667141
667125
921536
365671
365634
365618
365615
421965
823807
823718
16322
284324
284152
605169
722728
928744
928721
928703
794369
889548
889450
641500
641442
545646
545584
1001900
377614
377585
377572
267763
992791
992737
395981
395846
1076894
85336
85083
84983
765505
282613
282604
282600
282576
282470
307656
488876
488732
488705
496469
374567
374563
24270
24252
24196
640805
640691
117014
116968
479762
646804
195285
101414
1015927
475198
475166
475140
475077
475076
475072
691437
191984
191845
966047
486638
73359
73261
73230
73227
73037
1067360
1067314
41928
93900
93888
125453
125448
956700
668943
470591
470589
470468
390944
390797
390780
390771
428571
428486
479328
425158
822206
750319
108443
108134
84340
84209
84121
418365
418354
418272
418218
418160
241602
241533
241454
986663
986616
163600
196721
1008138
923958
88326
88235
880056
874526
874512
869108
549347
549274
549248
652481
17512
17320
810386
810383
810282
488020
487849
680341
13827
13765
766423
766257
244447
244416
244367
244346
244302
244285
201992
189441
671895
671857
671851
671777
671656
876731
743319
743288
743256
743219
10936
397817
397646
453960
453851
453840
574565
574367
657442
280999
554245
554224
554209
554123
1000611
799470
613934
613843
432398
432364
432167
1070502
216995
216963
216876
216752
458529
458507
458435
633407
764131
382101
382030
381890
994582
994541
380354
619637
619631
613615
774871
812392
292169
292107
1059166
1008816
33923
618551
221625
221582
166899
166884
166653
510029
509808
507136
505539
361628
361495
877149
843035
385816
816595
134543
134371
308609
709569
1083916
1083813
615580
615421
615375
676898
624240
624135
208397
208292
792249
707370
223009
892371
892344
892302
140376
140336
140270
140205
811233
762205
391580
945194
577554
495985
495879
1352
1069
1024
919175
919080
557261
522862
950813
278852
278686
278632
278627
803929
803807
304117
303954
303876
764632
764533
35202
35152
907184
245532
245395
131263
131142
131115
130965
594210
594113
594088
594062
160633
160614
718582
220609
220574
220540
220488
220388
643427
643399
865281
865215
928286
928236
876220
876092
1042322
905365
716313
462243
462219
602138
602096
20965
20922
20830
20788
20735
388242
730915
730889
329029
1050331
124935
124831
124695
264570
264402
968987
32428
116436
116394
116354
116338
955504
112028
111933
111859
111857
111817
111731
789468
385297
385213
384997
301478
301366
419042
418876
962007
660463
544692
544657
983576
983461
551931
785982
433907
433889
750606
808052
1092568
1092514
486420
486283
207409
207304
207290
189791
189726
189663
985433
854084
853937
727690
727627
592744
592700
592605
1039435
102254
102240
102221
102209
102167
102084
560629
560583
566004
961470
510664
645932
119388
119360
119323
119312
119064
772337
772301
414779
626238
626224
626221
730329
978409
932540
703339
703140
1020168
717027
894625
1073239
872993
872891
805641
805639
920385
239876
874161
874070
658381
900149
697520
873225
873192
1037456
461279
461160
902563
142708
326344
326318
326159
1012360
71599
966896
292619
292552
292516
292499
522312
522286
138367
640560
640496
640494
741247
741083
279557
279527
279512
279430
279429
445861
445782
273126
273108
491286
491270
491207
491086
564829
564756
5651
700369
700344
700343
566835
566767
566677
566662
1074783
1074701
1074695
323346
459999
459974
268606
268532
302559
652862
652788
652777
652742
289452
247697
247621
773941
773919
773715
620645
511991
511955
545396
815683
815655
199418
199378
442391
442347
521454
1092376
1092652
832941
430787
430726
430689
401536
401422
409280
80919
80844
204208
204047
298293
298228
164432
164427
502056
353355
353295
625344
1064275
117401
235848
235650
447278
447251
165720
860736
860716
860688
860598
688550
951895
951871
951869
656296
734110
81677
81584
308100
380739
857821
878314
819765
819755
51806
736886
880437
558877
560845
19235
19164
212787
212496
383966
383848
383812
782178
782110
782091
57494
57331
1078512
1078472
1001494
1001366
302965
629984
629923
209015
208791
641996
813190
813080
633792
198462
198357
198346
603852
603696
1039617
1039615
82645
82432
82340
82308
565897
565843
565641
416974
416930
416773
441198
441137
253357
253142
1009224
58833
58739
58640
934865
934859
934727
704353
1050659
1050638
1050477
524585
524530
524508
524464
1069328
309300
309283
309282
309191
309160
365290
521202
521136
521110
557547
63150
63081
62932
77659
77632
77352
77278
32943
335190
335098
364925
228910
65034
64904
64860
64786
651608
426833
426760
470356
470323
403236
402977
914557
956542
956525
956501
1003338
373636
373449
373417
639364
1015463
763832
570353
1030852
719801
719705
700947
367480
367400
367309
367290
752793
714704
714685
433724
983670
1056589
1056536
1006135
924485
924483
48744
851666
504261
504231
504204
714582
800856
800804
800734
535938
535785
787239
258278
258099
731366
424587
850561
752658
928563
166322
166109
680567
479487
479468
605180
152926
611274
645468
472231
904904
54802
54607
1032431
1032403
670872
670761
671219
1019434
1019406
1019282
177
19
492178
736370
74625
74519
74290
667760
149553
149421
349653
300499
300488
345838
199869
199820
1082250
675685
735184
735170
473375
97506
767914
354686
354499
703993
145025
144833
923439
304386
304375
861459
861428
455623
455409
474244
408425
408401
408316
408133
237719
237496
237434
237386
369512
369297
981011
503636
503626
898063
898023
774998
982953
616183
616131
263273
263175
263072
55531
783553
783523
154897
154652
746508
600443
600317
600295
466058
166588
449421
1031466
1031450
432154
484172
503863
503716
760002
889144
175545
175532
175346
854809
182600
182587
182524
791359
679621
375678
1035225
305691
615933
615843
363503
363341
438029
438025
437862
437802
525968
291164
262538
552576
552544
935854
935724
935697
871982
890024
889968
990311
990181
1044082
1043979
176774
176712
176580
176546
176524
181615
181613
405009
404936
1056419
1056380
621418
621344
106340
106237
106221
355560
561224
561039
635159
1078902
1078873
1078770
84847
84799
84556
451364
451177
132116
132092
132017
131975
131729
503130
118633
118516
118469
1075329
203991
203956
203709
846098
846090
719939
660437
697219
213121
213057
213048
212942
212860
710756
699020
698998
698973
699519
699390
656136
656046
847520
569629
99241
98915
882950
840675
840501
876440
876373
876344
406760
406483
406476
954327
808533
762025
761963
761905
761892
549963
1010810
412482
412427
803517
803412
717900
247152
247149
246981
745570
6611
6371
6327
303512
303276
901020
570693
570681
723925
834061
493739
998975
998862
998856
998767
934500
202116
860089
1043001
1081447
1081363
1081356
259085
258954
258871
648595
450924
450897
450866
450835
931450
931398
931252
931251
852320
971911
971854
971792
315230
315009
275927
275924
328727
1074597
102785
102714
161975
161915
969113
1055495
30376
151686
151587
1015201
30962
413495
413426
413333
728320
1027904
480761
278526
278342
1028714
1028659
557764
557742
356487
356217
478365
478305
478288
573171
572995
23930
23860
23755
23490
917378
499673
587336
587300
587280
587219
535644
535510
535430
426620
426619
234401
234300
224701
224553
607648
565089
832061
832017
831915
831886
966800
966714
338271
114527
114342
964760
398963
64029
63950
127916
127826
460929
460894
344719
18847
18655
18642
18557
170452
170268
170267
170208
704168
704127
377507
817510
817471
649165
1063411
1063352
547278
547270
954242
954198
1086449
564525
564504
564486
469244
469150
469128
469091
469062
296297
296245
644246
200813
200729
200721
144382
1094413
329343
277543
277382
277380
224352
224339
1024245
1024171
387797
387594
90032
89987
89859
335930
868774
868643
355424
355313
836257
841882
999936
492480
615287
615203
896943
896833
709811
709797
259273
902140
902017
885083
885024
849867
13222
933984
1061181
904547
984558
336553
336535
336442
89350
89275
288366
458387
663587
663544
930936
443787
443638
443546
424869
66504
66446
66288
66186
66104
1077701
699239
699180
699172
484676
484575
484452
368000
367980
367971
658249
658166
454530
454352
226970
457454
844053
843901
505231
65512
65487
65458
65447
65434
65427
65205
65173
65133
65116
668188
668182
421616
474055
619320
838083
838004
837948
1007007
694344
978224
592076
346492
346449
574779
574682
574613
685410
470835
470815
470761
813465
813370
813290
452864
452785
832569
832545
722409
722350
728099
373832
373709
494457
494189
575767
575719
575710
575582
845087
322666
322653
322585
312185
312015
312003
229346
229324
229257
639051
639040
639035
638922
882680
346659
346644
744216
526573
526357
970183
970160
993760
340474
340355
340344
856844
610728
610655
870757
110371
110328
110325
699830
699741
627732
627687
835542
835537
835469
230510
445619
480142
536396
487170
487169
639166
639109
892244
958712
958707
911839
911813
911805
374147
680136
967294
662594
662525
529757
529706
446958
53426
53423
53395
53264
312880
409056
408853
408834
1090869
1090845
1027634
759863
896801
306012
336350
336329
756627
1050194
188896
188720
1048004
1047885
1047875
1047853
510976
510926
510758
618960
618752
164187
164147
164102
164023
163923
848045
761425
591269
591174
146670
946652
358033
357904
591031
591017
360454
360366
360297
904461
904356
904336
542382
542235
914919
914914
86919
86708
86582
86570
843706
867492
696949
696919
274475
22187
637133
637090
199056
657220
657212
643046
779797
1027008
1026895
1026837
419840
381407
381319
166033
165814
632079
631986
930670
930562
61553
61552
568365
410736
1054672
818847
818828
544157
544079
543995
855464
553046
682812
682721
682719
682697
66912
66743
66677
66542
411290
411157
693628
935951
935950
428849
672182
446925
907856
713232
272842
272803
422747
422597
866418
1083480
1083435
1083368
1009843
1081843
1081750
881184
884807
795789
1072272
1072210
1072133
381020
380851
380819
1086086
136440
221948
221710
110928
110894
110641
658953
658828
1080609
52676
52608
840715
840704
4101
3999
3947
3859
689098
689097
29557
348863
312627
139684
554748
508400
508289
200599
200513
200442
1035666
1035618
461631
461605
461571
509620
509615
509580
255927
320796
320657
307733
307703
781877
719509
719480
719427
1066828
1066722
569526
569323
1075869
1075732
1045107
935318
758279
31351
31274
589631
589547
589462
1009689
1009679
1009643
977734
27506
901202
20533
20448
666807
617859
617829
143701
143492
143429
665597
309016
308876
430078
500840
500832
500826
500822
500776
500746
95072
94779
686216
686188
686114
571565
382917
1036643
680725
680642
561885
250209
124235
864498
542906
542872
928940
928834
120751
233648
577943
577894
577846
77718
77695
211051
210974
1010724
826984
1017890
595821
595763
257512
257461
257364
257255
1046597
1046542
1008692
977165
977015
877640
34456
863714
367272
367179
367098
674788
674776
155560
693725
1054928
1054826
539311
539108
539087
890926
631597
19801
909556
909541
220845
220752
238841
694878
75102
75064
75052
74947
74884
309517
629391
629340
463746
463742
7326
664630
72996
72899
424157
424025
229866
229784
336806
336774
549693
303830
303773
303565
420572
326100
868301
868243
80386
36014
35809
35760
119745
996208
996198
102702
102521
930375
946915
946743
817232
1084644
546365
283027
226291
1050710
1050696
742348
742223
335451
335439
335378
335265
744515
744488
744478
833180
60684
943002
377008
376775
982105
982047
822980
619998
188346
188162
503218
317134
317062
317046
809970
809946
587512
347821
347780
347699
727113
320078
320057
319873
546074
672977
923664
967652
967625
967580
751746
942894
485789
485749
485721
1004239
918480
431777
431696
196626
196610
196554
196476
196470
196466
636228
218337
218300
218256
131608
296001
295970
897124
78909
78869
78799
78756
78560
59793
979669
369162
369105
184853
184813
184618
159176
159015
158893
285662
285660
285639
456728
980550
252050
252014
1055734
353966
274230
273985
750915
803630
803605
304948
304876
720273
720161
416740
416577
36109
234866
234721
174892
174849
174755
698738
906995
1014909
1014858
559779
559762
559748
467075
892943
356207
356173
364392
364384
364259
364193
364155
128742
128705
128647
128643
128634
128533
128529
128498
589367
788832
788788
406186
406121
406076
406052
406010
405955
405870
171431
171289
509234
612137
611957
1051456
366719
366658
366648
366588
108631
108586
42805
506179
271615
1051878
121393
121351
121324
121243
121226
758523
1093761
318816
53598
271982
785172
916663
261591
261483
945666
825196
825179
825144
148945
148905
148728
148689
489584
489479
872735
872662
1070658
1070621
238600
238550
238541
296909
296753
1049767
1049722
594400
677444
597601
172186
172184
172125
171876
208193
208183
208098
208008
641646
632404
136891
136823
136682
399353
399302
1003112
1063542
1000956
567344
567300
567204
567138
213691
213445
327996
327973
644903
345541
1024928
1024849
287976
287960
838938
433409
271269
271138
206286
725688
641221
304616
304564
304496
304399
205154
458739
227457
556949
611233
178260
178147
130313
678455
678437
678393
1010119
193773
554055
170103
170101
427586
344468
806298
728698
994835
1086910
1086812
757244
757199
339193
114765
152871
152585
138334
138261
138116
442667
442606
287789
287685
234075
233979
682171
321637
321618
457822
580598
580458
930103
76629
76526
76499
76467
76364
76334
492706
492678
925873
347325
347319
707081
726894
726765
349833
349718
286871
286846
324080
323916
323837
833400
889434
889416
962812
962747
962704
962654
650929
511612
511603
256172
256116
219413
765229
765151
765140
525755
525754
525737
525535
85577
85353
347584
854344
907589
146297
146020
145951
145946
145919
1063866
999121
999056
998997
634024
135386
796485
519900
126148
125964
1011431
150891
150695
839095
553749
354322
824742
586611
586503
586446
963679
1058635
327249
327222
327142
879690
136235
136233
136190
136146
136098
136056
135976
712326
955228
595886
595877
125008
507942
280277
280260
280207
581035
320535
320374
320322
548646
1038512
1038460
1038421
599171
599019
482263
45627
231409
442087
441971
441800
469445
1004423
865871
865832
817036
425536
524070
524068
524020
523930
341347
341338
534228
534096
9545
9185
362725
362707
362587
47941
47817
297037
297005
468753
468626
683391
516127
940316
67713
67554
67518
67366
395189
307357
780462
526255
526114
896557
209912
209778
209734
265918
265777
230927
1071613
459493
459483
684145
683989
238385
238380
238197
238180
238177
779745
129094
128965
1008252
550353
550300
518239
518228
740121
977361
977275
291780
291631
903816
903754
903739
951182
951124
951056
281177
281172
480437
480397
480354
985047
985026
913117
651346
629644
946178
946069
1034758
830974
502528
502492
502483
502475
1041215
847829
1023624
1030348
1030259
92257
92159
1057615
1057549
250880
332752
332748
332705
332650
963039
884153
884128
1046853
445326
445281
445187
712117
516981
324168
271398
271369
827283
827236
747009
747008
62810
62784
62623
62617
62504
62503
1069475
511290
751236
721380
1059709
318172
318109
852260
682498
215226
397576
397507
397495
397415
415382
415302
971612
971505
758670
441754
441684
441599
1085958
515343
514812
514810
514767
808385
808254
590254
590122
816096
395292
395264
810025
43743
9157
9033
95751
95575
659640
934398
934322
663650
162805
162641
337811
247421
247342
648976
545254
767531
994905
994882
848521
600124
541936
404507
404351
560474
560370
563028
437791
437774
553523
553478
553432
553429
624354
624268
621067
621065
172818
172598
745805
601572
601570
810686
810657
810573
810493
388800
833896
517543
517283
79231
79165
79090
78955
313730
313585
895296
895195
476671
437262
437212
437025
458099
457884
957892
591993
307128
761121
349198
279003
267263
847080
711117
820203
105049
104854
104850
936531
952040
819321
40346
483997
483973
829373
295125
295104
295057
342101
37671
293826
293600
979863
236294
236258
832774
832692
1058275
874391
393668
393644
393635
393601
921218
220243
60497
60367
139228
139214
139097
448684
729419
943664
943591
584186
584064
111673
111605
111563
578379
578359
127588
498698
411497
411314
775231
775170
457071
457067
456987
456940
161492
515206
515133
165342
165314
211224
576988
576908
1054027
1053931
1053909
980170
982329
802798
802784
202752
202750
202588
359732
359707
359553
72125
72106
382603
382587
382545
382496
723589
723588
723469
797807
807545
807502
281582
281443
210513
520761
520696
520625
520613
839664
706497
706417
722557
531635
4769
4689
522528
133932
133847
133806
253658
253446
799840
799788
1052727
718774
490429
490420
1020847
203303
203286
203193
890487
890420
848314
1042662
882433
753871
753784
635622
633614
633474
367752
367707
367695
775861
775814
775726
632939
460236
598466
781050
931146
962281
809702
969285
969279
969225
185794
185594
185536
686295
1013493
810830
101774
115586
115528
851980
415673
888893
888879
233657
1089773
662956
738331
738204
512228
229762
229571
229565
383471
383433
383403
777265
266244
266125
266053
6231
6166
5876
217533
438742
438707
438670
450161
450083
232567
232409
821966
821933
326741
191691
191652
157661
218123
218061
576396
481571
302096
248296
248155
248104
379732
696516
696378
672570
534624
344991
344826
1010555
1010523
589906
589831
1009525
1009476
1009426
1009407
12745
12685
12625
784617
784461
223618
389800
389588
265138
177935
1040764
1040721
1040644
698574
262826
262657
543877
543715
543703
543666
990396
240455
813626
195709
195696
195651
995981
423004
529457
529379
1088054
223938
223931
223897
223864
223800
223679
692673
475876
475794
475675
782824
172906
172871
688774
563384
563356
277714
277669
277618
277589
446359
446276
584951
221371
221311
760230
958655
958629
958625
958458
983336
983278
811074
201706
153947
412184
412141
412046
411974
411954
411906
981591
662697
662681
662648
530180
105477
105307
814687
814648
753255
622760
622756
460562
460555
1071139
422222
910863
910836
423638
306695
306531
306502
306460
1077506
1077477
676324
676266
311601
311463
311461
311454
842313
842203
434250
450610
333441
1029621
736154
944536
333889
333865
333825
333701
333693
333682
586349
586239
1049187
537161
536959
612425
612338
612229
1002828
1002709
1002702
1002663
122847
869008
868968
537610
537578
537577
537526
1031867
1051668
14987
14857
862607
544430
1037290
1037278
100248
100162
100081
38670
1089327
794826
794697
655494
655308
1065751
1065651
448017
447929
266976
266946
330756
777545
39727
39687
39503
1013101
1013060
714042
713827
523572
523531
795465
795396
348416
348252
370547
370522
370499
370477
994178
213237
219200
219163
219069
600968
187438
187295
892683
129391
975988
793078
793071
53811
236097
235957
530740
530674
228617
228598
228571
228518
228462
228320
512503
512412
512350
512321
504493
504323
504271
809533
987182
604277
917756
709429
171156
171046
171012
170921
628568
538208
654775
533311
533243
533165
533132
533090
64333
64214
579166
183201
183086
183071
438222
438158
438073
153392
153329
153223
371966
371858
371808
100732
100596
100420
934181
520092
639919
957502
841075
167397
825614
825470
242584
167974
167888
167854
167849
138065
138025
137975
137951
137935
137921
137782
137767
641017
161222
160216
160181
160170
78351
78282
78277
78262
78194
78125
909951
1029924
1029917
1029849
680945
535336
836639
836633
272194
791061
790986
260960
260875
471267
471174
747292
912064
393462
393397
404640
1047136
1047112
961942
313200
313150
313086
313054
267628
812079
48249
368786
368652
1033924
1033716
449883
952674
143953
143941
143927
257236
257045
256985
185420
169362
169334
849498
849335
342715
1025181
351409
351336
1036023
941260
714231
559222
86534
86491
86394
86333
86308
86292
86211
1016396
1016367
532235
532139
153742
543515
543464
397321
397302
397293
397215
138851
138783
138715
138621
805087
805041
112964
112660
563235
563232
563036
1075915
197708
197603
197460
3748
3553
3376
408715
408581
408511
408467
237365
237241
237159
941894
1090028
835981
606538
884304
884267
110113
110083
110065
109797
346015
478424
707650
182957
182833
182630
1011243
1011167
688987
727313
198152
198129
198051
646974
646943
686532
1041453
703398
531976
531861
146840
951285
951224
407057
406885
91527
91525
91445
650351
650232
740678
35670
35474
22873
1032191
1032088
910995
762750
762553
949467
949433
936934
936775
603595
385573
945102
944986
378835
378678
988426
988348
214605
214553
214452
214411
753515
250749
250697
901680
523867
523644
43267
43180
43126
621884
621878
621848
594619
594610
594600
594582
594578
594450
874932
915940
942647
942591
440337
440163
206661
407739
407731
407535
407518
1038331
316166
316146
170824
170799
170734
170584
170516
891643
917140
917134
219988
219958
219822
823080
121965
815860
815758
1025126
742553
742409
437011
436760
50315
836957
792910
1082603
1082541
1089023
829535
290806
316087
725437
725315
583442
583232
880850
172516
172504
172380
1079983
1079878
293238
293216
293213
293152
293142
293070
340194
939278
294707
947748
145375
145282
495335
495273
569988
569867
329289
571833
571797
571766
739392
739260
259938
259887
259849
673491
379558
379453
379387
288805
288752
749533
654498
654485
826208
826164
670634
670488
798207
171643
171630
867120
482054
482049
481934
667733
667559
667539
26625
567844
27830
27827
25765
25707
344216
344201
344105
216624
216341
650770
650735
1022552
1022544
1022424
282329
729908
729865
993818
597116
597077
597057
1054190
1054165
1054106
581505
581448
581381
909338
909217
909195
149821
855250
855149
275098
274885
1072490
1072419
1072409
1072344
486098
56867
56655
137717
372203
488676
488524
716210
574215
913548
120898
120886
120803
622902
1059085
1058946
452627
1059948
57910
479112
398599
398518
147867
147795
392397
392283
229152
394574
394488
394372
970847
552371
552336
1040338
734611
298987
879615
871564
871560
325182
325130
325081
494999
494927
194812
1018996
1020581
133264
133194
540155
599745
1020579
244001
776021
528405
528367
528221
528152
953708
953707
953679
173328
173318
173298
173264
173207
812591
519774
519725
519692
375895
375827
375750
456427
456216
720714
95492
95458
95188
181842
181806
144734
181353
181348
181279
944977
944938
220906
178700
178506
668724
668642
478708
326571
326492
326476
326429
581230
453186
585321
532755
532623
169008
168805
669630
875580
875410
175854
175806
625656
625567
81323
81278
239062
239026
419959
419914
299562
299529
869547
592354
592350
258548
258509
258487
258481
377977
519482
748503
177383
333251
334383
424311
424220
904238
319132
565263
565235
565218
473191
241225
795330
795286
376770
376692
1015765
346986
346981
555924
555917
860268
860193
409807
989438
390250
926562
746853
746812
143088
256902
256724
701153
1028858
554950
23250
1011712
1011619
1011583
700568
872560
872375
898612
2187
1973
1933
435834
1016241
1015525
283316
228195
228181
228083
228069
959099
741581
532875
256629
256592
256529
256407
256365
309878
309818
309786
857521
857488
1064440
950495
950342
54929
54886
770264
357866
357656
244882
244861
508878
508678
358486
763691
502427
90523
90268
1077123
379172
591384
352039
352031
352005
351989
351810
351801
57530
38461
38357
38210
416429
393946
916259
874842
874768
475964
446000
445990
155913
155743
978670
645290
645237
109684
618151
618067
1070011
1019478
21970
21638
499890
499834
266569
266348
762863
25430
25305
283513
283511
764870
764865
764850
764779
16393
445167
444901
280531
280462
489441
853071
852969
1044700
1004878
988112
543140
543058
331524
168283
168191
885652
431355
431343
431327
431285
619049
804203
524404
524222
524209
524179
509209
1052044
1052041
894369
894319
769502
720426
744057
465493
933624
933619
556904
390139
1028150
366042
366023
990675
991253
991215
622246
622154
546753
546624
525425
525247
525238
525235
525197
185203
260218
587709
440604
440494
496846
496804
496732
496635
462100
461896
1030595
351708
351662
129800
129508
77127
76976
76796
536162
535980
288465
739225
98606
98359
98354
929637
694095
694032
133558
133556
134242
134214
134067
133991
389509
389487
389456
402427
402389
402368
891479
891419
888649
888514
963268
1060531
1060392
578670
578668
154318
154112
154103
154097
643564
328355
328329
328262
328187
328141
612610
612592
612452
1076575
666719
139944
682326
821222
821204
855648
855585
207642
254057
253982
253927
746213
769084
132241
239450
239361
690987
531026
530918
876028
360956
360887
212253
212249
212193
29847
269613
269523
72406
72401
72394
72288
290392
290359
290304
290239
290238
625023
1046198
368885
368858
316574
316461
533968
533926
533921
63668
63618
63488
63345
63241
572407
65865
65805
1016816
361873
361869
361802
467920
467802
1075616
1075553
828314
828287
553264
120014
666095
666067
665979
249346
93105
148097
148057
148024
417039
995477
995444
989383
207185
207047
206943
507616
210721
438492
438439
438329
293583
293582
293368
293345
305223
305175
305164
128434
128282
128244
128099
86083
86008
85887
85816
794243
794171
793530
392788
392651
41479
41367
26280
26183
207856
207817
518698
518669
639625
819684
819565
384764
384738
943262
191084
191052
191022
190976
518001
517897
545976
545907
545844
381806
381761
381759
381701
180841
488303
488144
52002
58354
286004
973509
694503
913
871
800
698
687
1032606
413655
232393
83073
82933
112601
112582
112483
112396
1029482
1029425
211751
211747
211686
365263
365176
365036
365006
763464
572881
572818
528500
468171
468059
1038745
1038689
263305
444193
444112
444080
602562
602467
602441
602417
378115
378060
1034007
257759
257584
905728
905723
777764
777735
264881
410485
410469
1007378
691682
940854
314722
314602
314515
497118
10580
784131
784061
614969
551667
39371
523320
523220
898396
926946
68372
68243
187715
583609
118919
118897
118844
151147
151079
151051
151024
150941
150923
882781
882712
312419
301291
301250
301239
301116
301109
518828
518826
518748
107534
107462
670055
37945
352266
352176
204506
90851
90831
90813
90704
911716
782244
782193
798612
798418
798416
1073709
939430
168677
168486
710869
108051
108014
107884
107872
107823
107755
466606
466504
162367
162359
162331
162276
101033
493893
802965
464167
826641
826628
826569
1073452
586769
637607
585853
216315
216212
216119
388059
50094
334791
806144
1031150
1031119
601236
1011916
899699
899694
84102
84058
83991
69030
68999
68929
68675
68666
237112
237023
236851
971052
248393
483591
339516
270113
270024
841551
841513
1080174
955361
737303
453538
453529
531570
531469
531430
455272
455271
468988
468911
746135
746082
617617
864271
519156
343952
343836
628220
628104
850764
1007211
972360
749400
749317
1071052
1070863
834667
834566
834470
927515
927508
476473
476348
476250
305446
305422
868584
868533
868391
75303
75296
75255
740271
740228
740175
1083187
259435
869516
644105
644099
644080
477917
370141
1085742
646203
993273
97123
96882
96848
161872
161797
161788
161783
161590
161556
319371
605439
948340
948264
948195
741750
199679
199670
199608
199603
565641
565617
565509
929133
929058
1084171
1084118
193298
193104
537333
886602
355848
355830
656981
656787
814051
575513
575478
575468
575432
73748
73542
73527
654318
654275
239975
467282
561731
1067052
1066956
448293
1032817
1003524
273858
273664
371141
371109
218627
267941
776508
776426
541615
541589
970707
970696
871566
622515
622300
93791
93654
93638
205893
205802
205793
819481
819356
474982
958145
263597
730076
870907
818937
251938
251795
251791
268291
189244
701740
897308
749900
477748
886906
449683
449626
664021
201189
201146
201022
200925
886718
886688
626539
431230
431175
431119
431013
250425
250403
250397
275251
275229
648292
648142
905926
905875
905848
254814
254791
354880
354814
8472
8440
345080
345056
513514
513445
797103
883720
167238
824295
447704
761791
761644
1037830
481882
481760
679912
157361
157354
157319
157207
157178
157125
668736
434580
434464
487446
487440
888224
459016
96196
831101
24901
24885
24853
1090436
275603
275595
275456
234956
124571
124360
579781
117991
117864
117693
297904
712672
11598
11464
11368
11362
500208
500119
678684
678613
187989
548351
548301
548164
548156
579872
597245
597206
862056
147572
1037662
1037583
649911
1031507
1031485
790242
790239
755569
755465
252542
252408
729598
800560
563811
449101
791761
791737
608466
411668
483091
483019
482966
482954
1067908
1067891
357335
357233
357219
357167
357125
366338
460732
460692
729259
1067379
1067084
396921
396854
396848
570172
570166
570165
1006386
61863
580814
580663
310224
992397
992264
992178
636753
674137
674020
785736
688104
366860
366768
350981
350922
350885
350861
350858
350818
350800
567542
192479
428972
374306
1007981
1007840
154625
154592
692341
802551
255679
332554
801832
483296
483212
83157
211426
211360
1042849
1042826
617355
617341
1036585
1036437
510361
510325
209329
1069030
1068995
190921
190755
190738
190705
190704
1079694
465914
465659
403542
403336
403286
733916
447625
447520
447481
447470
669337
260062
453395
453388
453340
855901
276022
974596
1021445
513738
538648
538643
538631
962488
962441
789120
708573
261090
793267
629161
931672
348196
348098
363151
363113
382314
382203
214131
214086
550513
399965
624951
1092783
1092771
1092656
1092637
1047243
34345
34215
487632
932870
897494
655537
506545
506538
506530
1084459
1070275
829091
828958
272594
272459
224867
224818
1087475
717222
717212
717155
717052
474610
474591
474535
474483
1014271
298882
298830
298796
543319
876619
876561
423878
423823
391523
391503
391438
391432
64760
64749
64649
556110
556006
555968
142504
142470
142320
142319
685687
887107
1041987
517575
681485
681455
681286
318368
743866
743770
197042
470014
470010
401269
401103
702179
359232
576495
734333
734322
734310
496233
496012
290648
433044
432922
995347
982935
340717
683320
541974
439162
439091
647623
401941
755319
755168
552890
870373
240550
240525
240468
189889
391182
391125
391104
391064
391056
966484
966428
665143
665099
1021394
852882
852724
302432
628519
628412
628407
628306
628301
783212
67299
67223
67180
67154
67052
67045
66923
1082879
1082751
177118
177094
177062
176945
176840
594006
593931
70668
70537
70513
70404
29044
28999
561346
918614
472707
472698
472644
1030782
454244
454042
97865
97681
417396
417371
417279
650075
650004
360008
359877
538498
538365
178963
332849
213978
213757
754105
754098
753966
392993
392879
1080499
626071
764247
360774
360612
1043293
815220
815178
815104
148633
148298
963457
963369
540010
734755
181060
180967
180939
339669
596385
968036
967926
913827
913697
20059
600594
738071
738039
737918
179595
179466
968288
968204
653386
464494
464463
464342
948970
960891
630356
184469
310459
310418
310383
418625
418612
418529
123461
123423
651798
104133
999644
999571
999481
673844
265302
514634
525042
524999
718363
718319
177506
242996
17056
883464
197376
197369
197211
991486
991461
246270
923566
923513
923486
515562
981914
596308
596093
417639
417579
710218
595526
643949
582890
230347
230265
230241
202506
202442
258846
258840
258740
258738
642329
821653
276730
276729
276629
276623
276587
605889
36707
36636
758940
69722
69561
69480
137340
137285
662460
481196
998595
159240
32876
32824
238079
158756
158571
442833
1040491
504533
840227
173955
626859
768749
768693
578954
231951
231943
231821
254552
361271
361182
179858
179840
179743
156083
155968
284858
284796
284776
284753
284683
732560
115984
115882
87590
87380
87365
87355
552130
420749
541322
990816
439474
439343
1071762
465267
484890
484844
771217
771174
301693
301622
301523
335600
335540
335525
287445
975490
505772
371503
191430
191302
191282
274753
1005545
287271
287260
287236
954894
954844
954764
954754
954752
284080
830615
830596
103261
816258
816231
816142
816130
816120
809053
808969
919739
657688
428012
427796
429785
547502
246921
246717
690868
690678
754767
908630
39879
79774
79753
79737
79736
79537
79438
451772
451771
451583
711503
711473
1017017
362376
362352
362226
333927
1060284
1060210
656651
924194
1005317
617175
617123
1085236
929925
929909
282825
282667
894829
68113
67959
67835
67794
67760
67729
603958
761204
246041
246007
433218
759532
243363
243242
635281
635278
635277
1085378
929307
283675
253898
960499
1036864
371570
482594
482526
550913
887634
471110
470957
713704
427284
427151
427095
427084
61401
706354
706170
324435
217740
551315
9603
318580
318528
318506
318503
141110
163236
163113
163026
922931
477463
477258
477238
289601
289583
358745
358727
358663
837208
182112
182105
46586
655108
902738
1066295
1066174
260672
569206
298060
315741
712580
712551
4306
608087
861133
821482
821415
821407
414952
414875
756716
194696
194464
471895
833665
242903
242728
242643
972611
972533
972507
625843
724826
818647
818533
301991
111031
311030
647141
1073013
1072920
1068774
955959
787691
1012722
314994
314768
314758
642195
279853
279732
279696
279561
342593
342590
586201
586116
286619
576038
151974
1078385
160550
160298
527806
364567
364560
532338
475570
475494
475482
475410
475351
620990
878616
948631
677211
677162
677158
677155
609343
609193
895110
895107
157020
156994
521999
521893
159597
404040
404014
844199
101362
101290
101268
101244
101125
452305
452134
452059
241134
1053632
634507
753211
753122
753016
753007
42076
225370
306453
306443
306328
306317
306171
269326
469799
767016
666575
878035
356607
754331
623669
130095
130061
222453
222326
750103
224220
224138
224059
223971
517171
517163
517016
1052594
514083
514018
513953
236737
236481
650461
566485
817745
71273
71199
798111
534395
534340
859095
1024711
1024565
733607
766590
369610
485404
867741
681081
226784
226701
296603
296438
190157
413214
413155
1063074
1062968
1010226
1010213
1010177
497786
664630
664370
711340
711332
501208
501172
62404
62384
62188
62173
62153
536791
681855
681829
682882
123886
123539
974471
350166
691984
691829
443479
443442
464960
464871
464847
896155
398054
459709
891844
891821
315482
315470
315464
353922
353727
353715
353698
145842
145770
145766
145689
145683
145540
786227
942361
381267
381214
381098
241920
241767
241754
180211
1091682
767198
164847
164809
164642
203589
203586
203574
203549
203382
611867
675846
235474
235437
98310
98225
935206
14205
14155
200337
200250
200248
194396
194339
194104
2898
2826
2824
2767
2742
2658
970039
969916
501776
501720
501634
31757
31657
961187
961169
306914
306757
306743
306708
122784
122544
301095
300855
910243
910215
910155
186394
186194
186153
897695
472547
472538
472509
472418
440762
440713
632689
508583
1046419
1046405
1074077
1073985
421027
495741
495705
495668
495662
495554
653770
653761
653730
69411
69384
69281
80693
1001661
151841
151783
151782
151736
151700
151686
952847
541200
541047
901447
901320
353571
623255
623213
623062
313543
313519
725203
972642
132798
132649
132520
499011
226282
226071
1006896
52378
134791
134655
134602
113951
113791
113780
113730
390727
390724
390516
130960
130654
620466
582146
485174
485120
880223
135835
135802
135685
135647
135607
276829
276810
299728
820354
1053807
386838
386760
174461
174356
61088
60939
965663
884608
884472
774556
322118
322108
183489
183488
183469
1064723
1064856
1064646
1064594
630602
630514
421512
421388
421380
573915
251418
251391
394133
724319
724314
724253
363721
363591
574942
574873
574868
885330
608748
806659
806650
806573
955863
955709
329767
677547
405627
1061105
303221
303161
303112
303018
242293
242286
242172
242065
979084
737684
737680
965463
273209
653231
327513
327512
327454
91957
91731
91666
653030
195485
195391
768123
768067
520597
520506
150043
343390
343324
343224
521071
661977
661942
661870
1711
1669
1644
1576
661034
660972
660900
120324
120191
150454
778334
778307
233030
232933
232861
232846
232814
282146
6988
6936
1027229
1049350
432567
432549
903420
903410
472077
471979
471929
378525
378449
559
549
437
296
15373
15310
15142
188610
668284
869959
869799
820646
820613
820557
715507
444752
444731
444615
497243
497238
1037080
822781
822768
822683
771092
771016
1000349
598888
327722
327673
950613
727930
612767
184153
184118
184071
183921
661505
434982
434781
434741
14593
715229
715188
42395
439762
1034587
1034557
243858
243822
87299
87030
87023
87010
325862
295647
1086785
578200
578068
858432
735687
870578
870442
856375
147187
147172
147070
879349
536478
536459
536439
939912
461737
461715
1093970
558756
558672
558657
925672
400865
75798
75771
75538
75533
75529
795027
795017
323778
7837
611704
611575
392063
32229
46031
631752
507438
507310
507291
507225
156767
156697
598381
598252
598239
185931
185862
185797
471627
471544
906259
675380
636474
636384
636326
187068
400646
400499
400479
493300
493142
308845
308833
308823
308809
353104
352882
324860
324736
324714
1094636
933367
912760
12516
12368
12328
473088
473087
473038
472896
268929
268892
268786
268718
777330
590803
590749
590653
79884
276420
276381
830394
337381
585638
1076263
1076257
811605
780853
780815
1090999
514195
527035
584575
984701
370073
370072
369912
700205
984272
163517
163434
163412
163363
163355
773340
932344
319700
708336
568804
529075
399754
396441
396418
396300
605797
605705
605598
605593
833458
922207
311948
311807
311674
396507
88947
88838
73884
722982
15635
15496
1056774
297491
297468
286285
602364
602335
602237
602193
602152
526766
526679
402780
402522
718115
718107
717992
562303
562273
908551
908495
890806
890605
141498
141332
175074
175066
174968
105852
105838
105747
667485
659752
658052
193008
192793
350248
350204
708057
689918
689759
1017624
414529
414346
249044
1066032
215942
583001
951516
280047
279996
279995
279953
279923
482818
340026
339799
5397
5138
5119
5043
1023809
455011
454937
372698
372668
372665
104617
245878
193503
193487
193426
193328
174213
244677
176303
176290
847401
847326
446677
446589
446474
730436
547018
436421
895574
835788
835766
922432
863692
863537
863507
109213
109193
1043917
1043916
1043750
169812
169713
169596
169453
169442
837685
837577
1064782
539062
538958
454732
454664
383995
287041
286923
926266
384575
384451
384324
968522
781179
781167
593079
893616
893423
893393
409616
409563
409531
409507
778676
800933
331190
205975
186656
186655
186621
186525
186496
186494
53132
763149
788266
814337
814312
436144
603041
602912
910587
99283
99279
218934
298471
115493
115369
115256
113423
10309
1021138
442151
442128
953957
953914
212124
212039
212009
211895
849926
462566
70161
70096
69909
69871
547868
547710
547602
406341
406288
406230
1058188
1005253
330027
783734
783631
946458
498512
818159
818026
59968
501406
940514
940464
815341
2648
2307
96501
96460
96414
96297
3337
3234
3088
912601
284952
341696
1055979
37048
249663
956958
956846
824466
355208
355051
539583
539568
539381
858631
215548
572230
599634
599619
599588
716013
715830
407448
407370
838721
756063
851254
584342
140774
731832
731743
793636